105
Nous avons 4 canaux a traité
LINE: '191118 0100 1   29   12    7   17   19   68  234  568  588  365  326  316'
0 191118
1 0100
2 1
3 29
4 12
5 7
6 17
7 19
8 68
9 234
10 568
11 588
12 365
13 326
14 316
Date 191118
Canal 1
Data0 29
Data1 12
Data2 7
Data3 17
Data4 19
Data5 68
Data6 234
Data7 568
Data8 588
Data9 365
Data10 326
Data11 316
LINE: '191118 0100 2   29    9   11    7   16   67  369  549  514  290  265  291'
0 191118
1 0100
2 2
3 29
4 9
5 11
6 7
7 16
8 67
9 369
10 549
11 514
12 290
13 265
14 291
Date 191118
Canal 2
Data0 29
Data1 9
Data2 11
Data3 7
Data4 16
Data5 67
Data6 369
Data7 549
Data8 514
Data9 290
Data10 265
Data11 291
LINE: '191118 0100 3   66   47   22   29   76  161  537  909  825  725  690  757'
0 191118
1 0100
2 3
3 66
4 47
5 22
6 29
7 76
8 161
9 537
10 909
11 825
12 725
13 690
14 757
Date 191118
Canal 3
Data0 66
Data1 47
Data2 22
Data3 29
Data4 76
Data5 161
Data6 537
Data7 909
Data8 825
Data9 725
Data10 690
Data11 757
LINE: '191118 0100 4    0    0    0    0    0    0    0    0    0    0    0    0'
0 191118
1 0100
2 4
3 0
4 0
5 0
6 0
7 0
8 0
9 0
10 0
11 0
12 0
13 0
14 0
Date 191118
Canal 4
Data0 0
Data1 0
Data2 0
Data3 0
Data4 0
Data5 0
Data6 0
Data7 0
Data8 0
Data9 0
Data10 0
Data11 0
LINE: '191118 1300 1  312  357  318  314  328  376  374  270  179  108  112   55'
0 191118
1 1300
2 1
3 312
4 357
5 318
6 314
7 328
8 376
9 374
10 270
11 179
12 108
13 112
14 55
Date 191118
Canal 1
Data0 312
Data1 357
Data2 318
Data3 314
Data4 328
Data5 376
Data6 374
Data7 270
Data8 179
Data9 108
Data10 112
Data11 55
LINE: '191118 1300 2  271  326  298  316  252  195  263  268  161   95   85   49'
0 191118
1 1300
2 2
3 271
4 326
5 298
6 316
7 252
8 195
9 263
10 268
11 161
12 95
13 85
14 49
Date 191118
Canal 2
Data0 271
Data1 326
Data2 298
Data3 316
Data4 252
Data5 195
Data6 263
Data7 268
Data8 161
Data9 95
Data10 85
Data11 49
LINE: '191118 1300 3  696  787  756  868 1023  912  785  583  416  389  312  129'
0 191118
1 1300
2 3
3 696
4 787
5 756
6 868
7 1023
8 912
9 785
10 583
11 416
12 389
13 312
14 129
Date 191118
Canal 3
Data0 696
Data1 787
Data2 756
Data3 868
Data4 1023
Data5 912
Data6 785
Data7 583
Data8 416
Data9 389
Data10 312
Data11 129
LINE: '191118 1300 4    0    0    0    0    0    0    0    0    0    0    0    0'
0 191118
1 1300
2 4
3 0
4 0
5 0
6 0
7 0
8 0
9 0
10 0
11 0
12 0
13 0
14 0
Date 191118
Canal 4
Data0 0
Data1 0
Data2 0
Data3 0
Data4 0
Data5 0
Data6 0
Data7 0
Data8 0
Data9 0
Data10 0
Data11 0
LINE: '201118 0100 1   39   12   13   12   22   62  280  590  528  422  339  349'
0 201118
1 0100
2 1
3 39
4 12
5 13
6 12
7 22
8 62
9 280
10 590
11 528
12 422
13 339
14 349
Date 201118
Canal 1
Data0 39
Data1 12
Data2 13
Data3 12
Data4 22
Data5 62
Data6 280
Data7 590
Data8 528
Data9 422
Data10 339
Data11 349
LINE: '201118 0100 2   17   10    8   15   21   83  399  529  418  403  296  305'
0 201118
1 0100
2 2
3 17
4 10
5 8
6 15
7 21
8 83
9 399
10 529
11 418
12 403
13 296
14 305
Date 201118
Canal 2
Data0 17
Data1 10
Data2 8
Data3 15
Data4 21
Data5 83
Data6 399
Data7 529
Data8 418
Data9 403
Data10 296
Data11 305
LINE: '201118 0100 3   73   42   24   35   66  170  572  910  837  688  796  760'
0 201118
1 0100
2 3
3 73
4 42
5 24
6 35
7 66
8 170
9 572
10 910
11 837
12 688
13 796
14 760
Date 201118
Canal 3
Data0 73
Data1 42
Data2 24
Data3 35
Data4 66
Data5 170
Data6 572
Data7 910
Data8 837
Data9 688
Data10 796
Data11 760
LINE: '201118 0100 4    0    0    0    0    0    0    0    0    0    0    0    0'
0 201118
1 0100
2 4
3 0
4 0
5 0
6 0
7 0
8 0
9 0
10 0
11 0
12 0
13 0
14 0
Date 201118
Canal 4
Data0 0
Data1 0
Data2 0
Data3 0
Data4 0
Data5 0
Data6 0
Data7 0
Data8 0
Data9 0
Data10 0
Data11 0
LINE: '201118 1300 1  342  384  309  323  398  468  451  281  224  138   98   81'
0 201118
1 1300
2 1
3 342
4 384
5 309
6 323
7 398
8 468
9 451
10 281
11 224
12 138
13 98
14 81
Date 201118
Canal 1
Data0 342
Data1 384
Data2 309
Data3 323
Data4 398
Data5 468
Data6 451
Data7 281
Data8 224
Data9 138
Data10 98
Data11 81
LINE: '201118 1300 2  254  326  307  299  271  231  227  260  167  102   94   38'
0 201118
1 1300
2 2
3 254
4 326
5 307
6 299
7 271
8 231
9 227
10 260
11 167
12 102
13 94
14 38
Date 201118
Canal 2
Data0 254
Data1 326
Data2 307
Data3 299
Data4 271
Data5 231
Data6 227
Data7 260
Data8 167
Data9 102
Data10 94
Data11 38
LINE: '201118 1300 3  684  807  850  932 1046  987  843  627  498  383  375  287'
0 201118
1 1300
2 3
3 684
4 807
5 850
6 932
7 1046
8 987
9 843
10 627
11 498
12 383
13 375
14 287
Date 201118
Canal 3
Data0 684
Data1 807
Data2 850
Data3 932
Data4 1046
Data5 987
Data6 843
Data7 627
Data8 498
Data9 383
Data10 375
Data11 287
LINE: '201118 1300 4    0    0    0    0    0    0    0    0    0    0    0    0'
0 201118
1 1300
2 4
3 0
4 0
5 0
6 0
7 0
8 0
9 0
10 0
11 0
12 0
13 0
14 0
Date 201118
Canal 4
Data0 0
Data1 0
Data2 0
Data3 0
Data4 0
Data5 0
Data6 0
Data7 0
Data8 0
Data9 0
Data10 0
Data11 0
LINE: '211118 0100 1   41   23   15   18   24   59  277  551  574  387  347  323'
0 211118
1 0100
2 1
3 41
4 23
5 15
6 18
7 24
8 59
9 277
10 551
11 574
12 387
13 347
14 323
Date 211118
Canal 1
Data0 41
Data1 23
Data2 15
Data3 18
Data4 24
Data5 59
Data6 277
Data7 551
Data8 574
Data9 387
Data10 347
Data11 323
LINE: '211118 0100 2   26    9   11   14   24   82  408  521  471  339  274  286'
0 211118
1 0100
2 2
3 26
4 9
5 11
6 14
7 24
8 82
9 408
10 521
11 471
12 339
13 274
14 286
Date 211118
Canal 2
Data0 26
Data1 9
Data2 11
Data3 14
Data4 24
Data5 82
Data6 408
Data7 521
Data8 471
Data9 339
Data10 274
Data11 286
LINE: '211118 0100 3  107   49   28   29   96  172  541  950  846  720  756  852'
0 211118
1 0100
2 3
3 107
4 49
5 28
6 29
7 96
8 172
9 541
10 950
11 846
12 720
13 756
14 852
Date 211118
Canal 3
Data0 107
Data1 49
Data2 28
Data3 29
Data4 96
Data5 172
Data6 541
Data7 950
Data8 846
Data9 720
Data10 756
Data11 852
LINE: '211118 0100 4    0    0    0    0    0    0    0    0    0    0    0    0'
0 211118
1 0100
2 4
3 0
4 0
5 0
6 0
7 0
8 0
9 0
10 0
11 0
12 0
13 0
14 0
Date 211118
Canal 4
Data0 0
Data1 0
Data2 0
Data3 0
Data4 0
Data5 0
Data6 0
Data7 0
Data8 0
Data9 0
Data10 0
Data11 0
LINE: '211118 1300 1  375  385  399  346  388  369  435  347  193  194  177   89'
0 211118
1 1300
2 1
3 375
4 385
5 399
6 346
7 388
8 369
9 435
10 347
11 193
12 194
13 177
14 89
Date 211118
Canal 1
Data0 375
Data1 385
Data2 399
Data3 346
Data4 388
Data5 369
Data6 435
Data7 347
Data8 193
Data9 194
Data10 177
Data11 89
LINE: '211118 1300 2  275  340  310  324  316  211  302  268  178  146  122   57'
0 211118
1 1300
2 2
3 275
4 340
5 310
6 324
7 316
8 211
9 302
10 268
11 178
12 146
13 122
14 57
Date 211118
Canal 2
Data0 275
Data1 340
Data2 310
Data3 324
Data4 316
Data5 211
Data6 302
Data7 268
Data8 178
Data9 146
Data10 122
Data11 57
LINE: '211118 1300 3  847  862  860  928 1076 1015  882  702  503  380  374  297'
0 211118
1 1300
2 3
3 847
4 862
5 860
6 928
7 1076
8 1015
9 882
10 702
11 503
12 380
13 374
14 297
Date 211118
Canal 3
Data0 847
Data1 862
Data2 860
Data3 928
Data4 1076
Data5 1015
Data6 882
Data7 702
Data8 503
Data9 380
Data10 374
Data11 297
LINE: '211118 1300 4    0    0    0    0    0    0    0    0    0    0    0    0'
0 211118
1 1300
2 4
3 0
4 0
5 0
6 0
7 0
8 0
9 0
10 0
11 0
12 0
13 0
14 0
Date 211118
Canal 4
Data0 0
Data1 0
Data2 0
Data3 0
Data4 0
Data5 0
Data6 0
Data7 0
Data8 0
Data9 0
Data10 0
Data11 0
LINE: '221118 0100 1   42   19   22   20   18   69  263  573  553  433  348  335'
0 221118
1 0100
2 1
3 42
4 19
5 22
6 20
7 18
8 69
9 263
10 573
11 553
12 433
13 348
14 335
Date 221118
Canal 1
Data0 42
Data1 19
Data2 22
Data3 20
Data4 18
Data5 69
Data6 263
Data7 573
Data8 553
Data9 433
Data10 348
Data11 335
LINE: '221118 0100 2   36   12    8    7   30   84  384  519  506  363  304  275'
0 221118
1 0100
2 2
3 36
4 12
5 8
6 7
7 30
8 84
9 384
10 519
11 506
12 363
13 304
14 275
Date 221118
Canal 2
Data0 36
Data1 12
Data2 8
Data3 7
Data4 30
Data5 84
Data6 384
Data7 519
Data8 506
Data9 363
Data10 304
Data11 275
LINE: '221118 0100 3  127   57   31   32   73  179  556  930  835  723  754  845'
0 221118
1 0100
2 3
3 127
4 57
5 31
6 32
7 73
8 179
9 556
10 930
11 835
12 723
13 754
14 845
Date 221118
Canal 3
Data0 127
Data1 57
Data2 31
Data3 32
Data4 73
Data5 179
Data6 556
Data7 930
Data8 835
Data9 723
Data10 754
Data11 845
LINE: '221118 0100 4    0    0    0    0    0    0    0    0    0    0    0    0'
0 221118
1 0100
2 4
3 0
4 0
5 0
6 0
7 0
8 0
9 0
10 0
11 0
12 0
13 0
14 0
Date 221118
Canal 4
Data0 0
Data1 0
Data2 0
Data3 0
Data4 0
Data5 0
Data6 0
Data7 0
Data8 0
Data9 0
Data10 0
Data11 0
LINE: '221118 1300 1  335  422  351  354  388  429  452  369  215  184  158  114'
0 221118
1 1300
2 1
3 335
4 422
5 351
6 354
7 388
8 429
9 452
10 369
11 215
12 184
13 158
14 114
Date 221118
Canal 1
Data0 335
Data1 422
Data2 351
Data3 354
Data4 388
Data5 429
Data6 452
Data7 369
Data8 215
Data9 184
Data10 158
Data11 114
LINE: '221118 1300 2  273  320  293  290  349  285  316  254  203  140   90   66'
0 221118
1 1300
2 2
3 273
4 320
5 293
6 290
7 349
8 285
9 316
10 254
11 203
12 140
13 90
14 66
Date 221118
Canal 2
Data0 273
Data1 320
Data2 293
Data3 290
Data4 349
Data5 285
Data6 316
Data7 254
Data8 203
Data9 140
Data10 90
Data11 66
LINE: '221118 1300 3  802  819  793  903 1087 1023  878  679  532  481  492  337'
0 221118
1 1300
2 3
3 802
4 819
5 793
6 903
7 1087
8 1023
9 878
10 679
11 532
12 481
13 492
14 337
Date 221118
Canal 3
Data0 802
Data1 819
Data2 793
Data3 903
Data4 1087
Data5 1023
Data6 878
Data7 679
Data8 532
Data9 481
Data10 492
Data11 337
LINE: '221118 1300 4    0    0    0    0    0    0    0    0    0    0    0    0'
0 221118
1 1300
2 4
3 0
4 0
5 0
6 0
7 0
8 0
9 0
10 0
11 0
12 0
13 0
14 0
Date 221118
Canal 4
Data0 0
Data1 0
Data2 0
Data3 0
Data4 0
Data5 0
Data6 0
Data7 0
Data8 0
Data9 0
Data10 0
Data11 0
LINE: '231118 0100 1   81   28   29   43   47   80  257  551  585  423  386  384'
0 231118
1 0100
2 1
3 81
4 28
5 29
6 43
7 47
8 80
9 257
10 551
11 585
12 423
13 386
14 384
Date 231118
Canal 1
Data0 81
Data1 28
Data2 29
Data3 43
Data4 47
Data5 80
Data6 257
Data7 551
Data8 585
Data9 423
Data10 386
Data11 384
LINE: '231118 0100 2   36   18   13   14   29   73  429  489  439  329  292  312'
0 231118
1 0100
2 2
3 36
4 18
5 13
6 14
7 29
8 73
9 429
10 489
11 439
12 329
13 292
14 312
Date 231118
Canal 2
Data0 36
Data1 18
Data2 13
Data3 14
Data4 29
Data5 73
Data6 429
Data7 489
Data8 439
Data9 329
Data10 292
Data11 312
LINE: '231118 0100 3  169   79   79   78  119  194  554  882  849  765  823  967'
0 231118
1 0100
2 3
3 169
4 79
5 79
6 78
7 119
8 194
9 554
10 882
11 849
12 765
13 823
14 967
Date 231118
Canal 3
Data0 169
Data1 79
Data2 79
Data3 78
Data4 119
Data5 194
Data6 554
Data7 882
Data8 849
Data9 765
Data10 823
Data11 967
LINE: '231118 0100 4    0    0    0    0    0    0    0    0    0    0    0    0'
0 231118
1 0100
2 4
3 0
4 0
5 0
6 0
7 0
8 0
9 0
10 0
11 0
12 0
13 0
14 0
Date 231118
Canal 4
Data0 0
Data1 0
Data2 0
Data3 0
Data4 0
Data5 0
Data6 0
Data7 0
Data8 0
Data9 0
Data10 0
Data11 0
LINE: '231118 1300 1  393  397  420  431  437  434  399  457  257  209  194  191'
0 231118
1 1300
2 1
3 393
4 397
5 420
6 431
7 437
8 434
9 399
10 457
11 257
12 209
13 194
14 191
Date 231118
Canal 1
Data0 393
Data1 397
Data2 420
Data3 431
Data4 437
Data5 434
Data6 399
Data7 457
Data8 257
Data9 209
Data10 194
Data11 191
LINE: '231118 1300 2  346  284  309  324  305  276  303  296  249  145  152  116'
0 231118
1 1300
2 2
3 346
4 284
5 309
6 324
7 305
8 276
9 303
10 296
11 249
12 145
13 152
14 116
Date 231118
Canal 2
Data0 346
Data1 284
Data2 309
Data3 324
Data4 305
Data5 276
Data6 303
Data7 296
Data8 249
Data9 145
Data10 152
Data11 116
LINE: '231118 1300 3  949  931  861 1086 1082  935  802  698  479  414  775  579'
0 231118
1 1300
2 3
3 949
4 931
5 861
6 1086
7 1082
8 935
9 802
10 698
11 479
12 414
13 775
14 579
Date 231118
Canal 3
Data0 949
Data1 931
Data2 861
Data3 1086
Data4 1082
Data5 935
Data6 802
Data7 698
Data8 479
Data9 414
Data10 775
Data11 579
LINE: '231118 1300 4    0    0    0    0    0    0    0    0    0    0    0    0'
0 231118
1 1300
2 4
3 0
4 0
5 0
6 0
7 0
8 0
9 0
10 0
11 0
12 0
13 0
14 0
Date 231118
Canal 4
Data0 0
Data1 0
Data2 0
Data3 0
Data4 0
Data5 0
Data6 0
Data7 0
Data8 0
Data9 0
Data10 0
Data11 0
LINE: '241118 0100 1  143   74   62   51   47   53   59  139  238  335  329  350'
0 241118
1 0100
2 1
3 143
4 74
5 62
6 51
7 47
8 53
9 59
10 139
11 238
12 335
13 329
14 350
Date 241118
Canal 1
Data0 143
Data1 74
Data2 62
Data3 51
Data4 47
Data5 53
Data6 59
Data7 139
Data8 238
Data9 335
Data10 329
Data11 350
LINE: '241118 0100 2   86   31   31   21   25   33   55  103  160  192  266  271'
0 241118
1 0100
2 2
3 86
4 31
5 31
6 21
7 25
8 33
9 55
10 103
11 160
12 192
13 266
14 271
Date 241118
Canal 2
Data0 86
Data1 31
Data2 31
Data3 21
Data4 25
Data5 33
Data6 55
Data7 103
Data8 160
Data9 192
Data10 266
Data11 271
LINE: '241118 0100 3  375  228  164  134  128  135  150  273  375  565  739  832'
0 241118
1 0100
2 3
3 375
4 228
5 164
6 134
7 128
8 135
9 150
10 273
11 375
12 565
13 739
14 832
Date 241118
Canal 3
Data0 375
Data1 228
Data2 164
Data3 134
Data4 128
Data5 135
Data6 150
Data7 273
Data8 375
Data9 565
Data10 739
Data11 832
LINE: '241118 0100 4    0    0    0    0    0    0    0    0    0    0    0    0'
0 241118
1 0100
2 4
3 0
4 0
5 0
6 0
7 0
8 0
9 0
10 0
11 0
12 0
13 0
14 0
Date 241118
Canal 4
Data0 0
Data1 0
Data2 0
Data3 0
Data4 0
Data5 0
Data6 0
Data7 0
Data8 0
Data9 0
Data10 0
Data11 0
LINE: '241118 1300 1  420  416  441  408  363  343  389  407  282  216  200  198'
0 241118
1 1300
2 1
3 420
4 416
5 441
6 408
7 363
8 343
9 389
10 407
11 282
12 216
13 200
14 198
Date 241118
Canal 1
Data0 420
Data1 416
Data2 441
Data3 408
Data4 363
Data5 343
Data6 389
Data7 407
Data8 282
Data9 216
Data10 200
Data11 198
LINE: '241118 1300 2  294  287  310  307  316  280  308  292  172  135  124  111'
0 241118
1 1300
2 2
3 294
4 287
5 310
6 307
7 316
8 280
9 308
10 292
11 172
12 135
13 124
14 111
Date 241118
Canal 2
Data0 294
Data1 287
Data2 310
Data3 307
Data4 316
Data5 280
Data6 308
Data7 292
Data8 172
Data9 135
Data10 124
Data11 111
LINE: '241118 1300 3  811  863  890  876  947  866  893  595  393  345  475  502'
0 241118
1 1300
2 3
3 811
4 863
5 890
6 876
7 947
8 866
9 893
10 595
11 393
12 345
13 475
14 502
Date 241118
Canal 3
Data0 811
Data1 863
Data2 890
Data3 876
Data4 947
Data5 866
Data6 893
Data7 595
Data8 393
Data9 345
Data10 475
Data11 502
LINE: '241118 1300 4    0    0    0    0    0    0    0    0    0    0    0    0'
0 241118
1 1300
2 4
3 0
4 0
5 0
6 0
7 0
8 0
9 0
10 0
11 0
12 0
13 0
14 0
Date 241118
Canal 4
Data0 0
Data1 0
Data2 0
Data3 0
Data4 0
Data5 0
Data6 0
Data7 0
Data8 0
Data9 0
Data10 0
Data11 0
LINE: '251118 0100 1  143  102   73   50   52   46   31   55   85  152  176  225'
0 251118
1 0100
2 1
3 143
4 102
5 73
6 50
7 52
8 46
9 31
10 55
11 85
12 152
13 176
14 225
Date 251118
Canal 1
Data0 143
Data1 102
Data2 73
Data3 50
Data4 52
Data5 46
Data6 31
Data7 55
Data8 85
Data9 152
Data10 176
Data11 225
LINE: '251118 0100 2   91   56   27   30   24   28   21   33   64  142  161  206'
0 251118
1 0100
2 2
3 91
4 56
5 27
6 30
7 24
8 28
9 21
10 33
11 64
12 142
13 161
14 206
Date 251118
Canal 2
Data0 91
Data1 56
Data2 27
Data3 30
Data4 24
Data5 28
Data6 21
Data7 33
Data8 64
Data9 142
Data10 161
Data11 206
LINE: '251118 0100 3  402  334  314  183  161  143   78   79  190  330  397  586'
0 251118
1 0100
2 3
3 402
4 334
5 314
6 183
7 161
8 143
9 78
10 79
11 190
12 330
13 397
14 586
Date 251118
Canal 3
Data0 402
Data1 334
Data2 314
Data3 183
Data4 161
Data5 143
Data6 78
Data7 79
Data8 190
Data9 330
Data10 397
Data11 586
LINE: '251118 0100 4    0    0    0    0    0    0    0    0    0    0    0    0'
0 251118
1 0100
2 4
3 0
4 0
5 0
6 0
7 0
8 0
9 0
10 0
11 0
12 0
13 0
14 0
Date 251118
Canal 4
Data0 0
Data1 0
Data2 0
Data3 0
Data4 0
Data5 0
Data6 0
Data7 0
Data8 0
Data9 0
Data10 0
Data11 0
LINE: '251118 1300 1  248  221  255  258  327  303  304  230  173  150   76   62'
0 251118
1 1300
2 1
3 248
4 221
5 255
6 258
7 327
8 303
9 304
10 230
11 173
12 150
13 76
14 62
Date 251118
Canal 1
Data0 248
Data1 221
Data2 255
Data3 258
Data4 327
Data5 303
Data6 304
Data7 230
Data8 173
Data9 150
Data10 76
Data11 62
LINE: '251118 1300 2  221  235  233  263  306  303  215  197  133  112   62   50'
0 251118
1 1300
2 2
3 221
4 235
5 233
6 263
7 306
8 303
9 215
10 197
11 133
12 112
13 62
14 50
Date 251118
Canal 2
Data0 221
Data1 235
Data2 233
Data3 263
Data4 306
Data5 303
Data6 215
Data7 197
Data8 133
Data9 112
Data10 62
Data11 50
LINE: '251118 1300 3  528  564  575  595  652  680  577  519  389  289  330  117'
0 251118
1 1300
2 3
3 528
4 564
5 575
6 595
7 652
8 680
9 577
10 519
11 389
12 289
13 330
14 117
Date 251118
Canal 3
Data0 528
Data1 564
Data2 575
Data3 595
Data4 652
Data5 680
Data6 577
Data7 519
Data8 389
Data9 289
Data10 330
Data11 117
LINE: '251118 1300 4    0    0    0    0    0    0    0    0    0    0    0    0'
0 251118
1 1300
2 4
3 0
4 0
5 0
6 0
7 0
8 0
9 0
10 0
11 0
12 0
13 0
14 0
Date 251118
Canal 4
Data0 0
Data1 0
Data2 0
Data3 0
Data4 0
Data5 0
Data6 0
Data7 0
Data8 0
Data9 0
Data10 0
Data11 0
