* BEGIN
* FORMAT = INT-1
* FORMATTER = GRFORMAT Release = 3.5.47
* INSTRUMENT = M720 Serial = 700608 Release = 2.9
* FILENAME = C134ROUX
* SITE = 134
* LOCATION = Cesar Roux
* GRIDREF = 
* HEADINGS = BCE LCE       
* STARTREC = 00:00 29/10/18
* STOPREC  = 00:00 05/11/18
* BATTERY = 7.00 7.00 
* SENSORS = L L NONE NONE NONE NONE NONE NONE 
* DATEFORM = DD/MM/YY
* UNITS = Metric
* INTERVAL = 60 
* PEAKTIME = 00:00 00:00 00:00 00:00 00:00 00:00
* PEAKINT = 1 
* CHANNELS = 1 2 
* INTSPEC = CNT
* INTFILTER = DRN=1
* HEAD HHMM C ...0 ...1 ...2 ...3 ...4 ...5 ...6 ...7 ...8 ...9 ..10 ..11
291018 0100 1   43   50   17   13   18   87  315  574  560  451  449  446
291018 0100 2   64   36   26   20   18   54  198  340  380  458  424  454
291018 1300 1  402  517  450  487  519  624  511  376  188  169  149   73
291018 1300 2  404  448  474  520  575  608  467  364  227  153  140   85
301018 0100 1   55   24   16   17   27   89  302  555  569  466  446  492
301018 0100 2   58   27   14   24   15   47  183  355  383  458  469  512
301018 1300 1  430  546  508  543  590  647  593  406  262  222  181  113
301018 1300 2  423  457  510  544  640  604  515  393  236  196  173  133
311018 0100 1   86   29   17   12   23   81  303  540  576  396  477  488
311018 0100 2   71   32   27   12   17   57  214  365  398  466  501  522
311018 1300 1  466  537  524  570  589  651  569  405  291  239  258  176
311018 1300 2  474  467  511  560  616  572  507  450  298  225  203  148
011118 0100 1   79   51   29   24   22   98  292  512  557  449  450  540
011118 0100 2   79   38   18   16   16   43  185  361  424  499  506  510
011118 1300 1  441  540  547  593  593  643  634  490  279  247  217  184
011118 1300 2  474  478  502  570  638  597  511  469  284  222  243  142
021118 0100 1  111   77   48   35   37   95  302  526  566  424  474  504
021118 0100 2  121   70   36   34   31   61  169  318  429  488  498  496
021118 1300 1  470  510  599  527  615  670  607  442  325  255  285  229
021118 1300 2  465  468  602  528  626  589  522  429  288  250  248  264
031118 0100 1  178  162   98   78   71   91  106  158  258  381  530  513
031118 0100 2  219  147   98   96   77  101  103  162  341  536  546  603
031118 1300 1  515  488  545  498  531  542  429  358  260  265  304  281
031118 1300 2  541  499  561  531  538  463  416  344  273  208  232  263
041118 0100 1  212  125  127   88   79   82   93   73  106  171  213  283
041118 0100 2  268  172  143  122   80   75   86   94  101  203  223  269
041118 1300 1  289  269  267  299  324  382  334  277  187  158  103   87
041118 1300 2  286  235  292  286  356  345  313  281  196  145  110   79
* END 51 FFFF
