* BEGIN
* FORMAT = INT-1
* FORMATTER = GRFORMAT Release = 3.5.47
* INSTRUMENT = M720 Serial = 700568 Release = 2.9
* FILENAME = C135LRC
* SITE = 135
* LOCATION = LsneRueCentrale
* GRIDREF = 
* HEADINGS =         
* STARTREC = 11:29 01/05/18
* STOPREC  = 00:00 07/05/18
* BATTERY = 7.00 7.00 
* SENSORS = L L NONE NONE NONE NONE NONE NONE 
* DATEFORM = DD/MM/YY
* UNITS = Metric
* INTERVAL = 60 
* PEAKTIME = 00:00 00:00 00:00 00:00 00:00 00:00
* PEAKINT = 1 
* CHANNELS = 1 2 
* INTSPEC = CNT
* HEAD HHMM C ...0 ...1 ...2 ...3 ...4 ...5 ...6 ...7 ...8 ...9 ..10 ..11
010518 1200 1  292  533  541  612  665  630  653  552  501  285  252  286
010518 1200 2  240  432  444  488  473  464  498  367  384  220  174  181
010518 2400 1  182   86   48   33   23   21   65  225  399  482  535  569
010518 2400 2  110   56   44   21   13   18   62  289  518  467  447  435
020518 1200 1  532  548  544  591  623  629  633  633  517  373  299  292
020518 1200 2  470  430  480  486  486  517  488  414  370  264  257  337
020518 2400 1  180  102   47   30   27   24   67  208  391  475  536  530
020518 2400 2  214  100   50   29   35   18   77  282  522  489  449  475
030518 1200 1  556  528  549  551  628  645  657  634  567  383  320  327
030518 1200 2  457  442  433  441  469  487  497  383  421  318  256  341
030518 2400 1  301  182  113   69   57   55   90  211  427  501  484  590
030518 2400 2  272  149   86   44   30   43   73  255  463  443  412  452
040518 1200 1  561  323   16   23   17    9   14    3    1    2    1    0
040518 1200 2  461  218    2    0    0    0    0    0    0    0    0    0
040518 2400 1    3    2    2    5    7   19   20   22   17   31   14   25
040518 2400 2    0    0    0    0    0    0    0    0    0    0    0    0
050518 1200 1    4    3   13   17    4    0    4    2    3    0    0    0
050518 1200 2    0    0    0    0    0    0    0    0    0    0    0    0
050518 2400 1    1    2    6    2    3   22   10   10    8    7    9    3
050518 2400 2    0    0    0    0    0    0    0    0    0    0    0    0
060518 1200 1    9    4    4    2    0    1    0    1    4    4    2    3
060518 1200 2    0    0    0    0    0    0    0    0    0    0    1    0
060518 2400 1   17
060518 2400 2    1
* END 46 FFFF
